
*****************************************
*  Scale-Variation-error for 14TeV      *
*****************************************

 M_H    sigma_scale_lo+   sigma_scale_lo-       sigma_scale_nlo+  sigma_scale_nlo-
-----------------------------------------------------------------------------------------------
  200      +7.50e-02         -1.72e-01             +4.40e-02         -5.40e-02
  220      +5.70e-02         -1.36e-01             +3.50e-02         -4.20e-02
  240      +4.30e-02         -1.08e-01             +2.80e-02         -3.20e-02
  260      +3.30e-02         -8.60e-02             +2.20e-02         -2.50e-02
  280      +2.50e-02         -6.90e-02             +1.80e-02         -1.90e-02
  300      +1.90e-02         -5.50e-02             +1.40e-02         -1.50e-02
  320      +1.40e-02         -4.50e-02             +1.10e-02         -1.10e-02
  340      +1.10e-02         -3.60e-02             +9.00e-03         -8.00e-03
  360      +8.00e-03         -3.00e-02             +7.00e-03         -6.00e-03
  380      +5.00e-03         -2.50e-02             +5.00e-03         -5.00e-03
  400      +4.00e-03         -2.00e-02             +4.00e-03         -3.00e-03
  420      +3.00e-03         -1.60e-02             +4.00e-03         -2.00e-03
  440      +2.00e-03         -1.30e-02             +3.00e-03         -1.00e-03
  460      +1.00e-03         -1.09e-02             +2.00e-03         -1.00e-03
  480      +1.00e-03         -8.80e-03             +1.00e-03         -1.10e-03
  500      +6.00e-04         -7.20e-03             +1.50e-03         -3.00e-04
